2 4 6 1 7 4 4 3 2 3 4 3 5 3 6 2 3 2 3 7 2 8 4 3 4 3 4 9 4 2 1 2 6 3 4 2 8 3 7 5
1 6 F 1 4 4 3 3 4 4 3 2 3 4 3 3 5 2 4 F 3 1 2 1 1 8 3 5 5 F T1 F 4 T0 2 F 1 5 4 1
2 F 5 5 2 4 9 4 1 3 4 3 9 T4 7 2 3 1 3 8 4 2 4 3 4 3 7 2 5 3 F 2 4 5 3 3 2 2 5 1
F 4 4 3 1 4 2 9 4 3 3 3 1 3 1 7 2 1 1 4 2 1 1 F 4 2 1 F 4 2 4 F 1 3 4 2 2 4 3 1
2 2 2 6 3 7 1 4 4 1 1 1 3 2 3 F 3 2 4 2 4 5 1 6 2 9 4 9 1 3 F 4 3 4 9 6 2 1 2 1
2 1 9 4 8 3 F 3 9 4 4 2 2 4 F 4 1 2 3 2 3 9 1 7 2 6 8 5 2 4 3 F 8 1 4 F F F 4 F
3 2 2 1 4 3 3 4 8 4 8 4 4 3 1 1 1 2 5 4 F 4 4 F 4 4 F 3 6 6 4 1 8 F 7 4 4 T1 1 4
8 T0 5 4 9 4 2 4 2 1 2 3 F F 6 4 3 3 F 4 2 4 1 3 1 4 4 4 4 9 3 9 F 2 5 3 F 5 2 F
4 2 4 2 4 9 5 7 F 2 3 7 4 4 1 5 1 4 3 3 5 4 5 3 1 6 1 4 9 2 2 9 F 2 1 1 4 3 5 F
2 3 1 6 2 3 1 F 7 7 F F F F 3 5 2 1 9 3 4 2 1 3 3 2 F 3 7 7 8 7 3 5 3 5 8 2 5 4
3 2 5 4 3 3 1 4 1 2 2 4 2 1 4 3 2 F 1 1 3 2 7 4 1 1 2 7 4 3 2 F 1 3 4 3 3 1 3 9
4 3 7 3 4 F 2 2 4 3 4 3 4 8 4 1 2 F 3 2 2 4 1 2 9 2 3 2 3 7 1 3 9 1 1 4 3 3 3 3
2 2 3 4 4 2 3 3 9 8 5 1 F 4 3 F 1 5 1 F T5 F 5 2 4 9 1 F T2 4 4 9 9 9 4 4 4 2 2 3
1 4 T3 1 9 1 3 1 F F 3 8 F 2 1 1 8 4 3 3 F 4 1 4 3 4 6 2 F 8 2 4 2 3 3 4 F 7 3 4
3 2 3 1 F 2 1 3 F 4 3 8 8 4 5 4 F 3 3 8 4 2 7 2 F 1 1 2 1 1 2 2 8 2 1 1 3 2 4 1
4 3 F 3 2 1 1 9 1 2 3 2 F 1 2 4 1 T3 5 3 5 1 1 2 4 4 F 5 4 F 3 7 T5 3 8 F 4 4 4 1
1 9 F 3 9 2 3 6 4 4 2 4 3 3 1 F 5 5 1 1 2 1 3 1 5 F 9 6 2 4 4 2 T4 1 3 2 3 4 2 4
3 9 9 2 1 2 4 4 4 4 4 F F T2 2 5 2 4 4 2 4 3 2 4 2 3 2 5 4 3 3 8 2 1 8 8 2 1 2 4
4 1 2 4 F 3 3 4 4 1 6 4 1 8 7 F 2 6 3 4 7 1 2 4 8 3 1 3 6 F 3 1 4 2 2 8 3 3 2 4
9 9 3 6 7 4 F 2 3 3 1 1 3 F 3 2 1 2 1 1 1 3 3 4 3 9 2 1 7 4 9 3 1 2 F F 5 9 9 3
